 19
 73
 41
 60
 99
 16
 33
 4
 97
 37
 11
 15
 25
 76
 49
 08
 1
 90
 48
 44
 90
 81
 28
 60
 33
 99
 82
 84
 75
 11
 4
 61
 04
 23
 95
 6
 09
 30
 09
 87
 5
 07
 30
 82
 99
 79
 1
 29
 02
 96
 29
 3
 69
 13
 68
 46
 15
 4
 76
 17
 24
 19
 91
 98
 97
 67
 67
 0
 90
 1
 86
 98
 48
 07
 70
 29
 85
 22
 79
 97
 72
 77
 46
 19
 23
 79
 6
 6
 70
 21
 04
 18
 12
 06
 2
 35
 39
 70
 04
 83
 94
 95
 66
 30
 06
 47
 06
 9
 87
 15
 48
 74
 88
 6
 96
 96
 33
 24
 5
 64
 02
 72
 73
 4
 8
 75
 09
 90
 28
 79
 14
 2
 42
 28
 11
 0
 16
 60
 05
 42
 16
 2
 64
 19
 98
 60
 39
 08
 38
 40
 32
 655
 09
 655
 67
 3
 46
 12
 69
 24
 81
 29
 80
 48
 2
 18
 42
 03
 28
 66
 29
 655
 17
 39
 80
 71
 26
 70
 88
 03
 61
 22
 92
 78
 67
 80
 45
 1
 68
 70
 19
 22
 40
 28
 37
 42
 61
 00
 63
 655
 83
 655
 88
 80
 39
 49
 61
 66
 22
 44
 63
 26
 29
 47
 34
 45
 41
 26
 07
 47
 37
 65
 73
 05
 4
 65
 37
 02
 41
 22
 68
 77
 95
 48
 66
 4
 61
 00
 47
 22
 20
 15
 40
 16
 14
 23
 1
 09
 79
 45
 31
 04
 21
 06
 83
 17
 29
 06
 22
 96
 64
 71
 91
 36
 25
 80
 03
 27
 71
 82
 44
 11
 655
 37
 81
 23
 67
 87
 85
 09
 3
 33
 79
 92
 63
 36
 16
 60
 90
 24
 29
 88
 08
 0
 88
 81
 89
 84
 75
 17
