64
28
96
15
44
61
88
9
42
82
66
60
70
21
94
53
6
45
93
99
45
36
73
15
88
44
37
39
20
66
9
16
59
78
40
1
54
85
54
32
0
52
85
37
44
24
6
74
57
41
74
8
14
68
13
91
60
9
21
62
79
64
46
43
42
12
12
5
45
6
31
43
93
52
25
74
30
77
24
42
27
22
91
64
78
24
1
1
25
76
59
63
67
51
7
80
84
25
59
38
49
40
11
85
51
92
51
4
32
60
93
29
33
1
41
41
88
79
0
19
57
27
28
9
3
20
54
45
73
24
69
7
97
73
66
5
61
15
50
97
61
7
19
64
43
15
84
53
83
95
87
100
54
100
12
8
91
67
14
79
36
74
35
93
7
63
97
58
73
11
74
100
62
84
35
26
71
25
33
58
16
77
47
23
12
35
90
6
13
25
64
77
95
73
82
97
16
55
18
100
38
100
33
35
84
94
16
11
77
99
18
71
74
92
89
90
96
71
52
92
82
10
28
50
9
10
82
57
96
77
13
22
40
93
11
9
16
55
92
77
75
60
95
61
69
78
6
54
24
90
86
59
76
51
38
62
74
51
77
41
19
26
46
81
70
35
58
72
26
37
99
66
100
82
36
78
12
32
30
54
8
88
24
47
18
81
61
15
45
79
74
33
53
5
33
36
34
39
20
62